$ANSIBLE_VAULT;1.1;AES256
63316365363066386561363164646666343432373038623764633363663764633366616361633865
3836353162326633636237383039353665343335336532320a373734363362333266663335366364
66623531386565373461633439366138303762393161663438633432626635663536363639313763
3564383139343136370a646435326561303234323634396638353336653163366163666132623162
34623865636364363335636339353333393364343163643166333536353862653531366137393066
64323366613638666361323932363561383531663435323763636337633638616664326138393531
32623766663830393433306564373138653738616436303435386262626234396536383161306238
63333333373563373564356134343930396365303538383931393337366337613565396363393835
36353364313231343830383464633866353464386163646563373138636435363734333430333765
36666132363137306364623561343765346162353664613066613530623163326536643431393836
65326530633262626132363061356661653362363364653564373130366338343363613237373061
66396637666639326336656431656132623532653235643364326336333665343733393465336134
65613835666237353263343236666436633964633032373735323462616539333731303230656438
65356536666235373462356135366339653161353132616235643332313535323766376261626630
37663864303038633339316632626431646263363535343830336638643464396432633466373362
31653832373331666461653664343166653038316636636530663234333661613762386635393963
33393239656337303130393261626465313135643364623430396536663865303165
